File ADT# Time#1   Time#2   Time#3   Ignore
File1 1   0.069     0.067     0.067      
File2 1   37.81     36.021     36.029      
File3 1   0.052     0.052     0.052      
File4 1   23.579     23.546     23.562      
File1 2   0.079     0.072     0.073      
File2 2   181.018     181.005     181.007      
File3 2   0.08     0.076     0.074      
File4 2   90.052     92.629     92.623      
File1 3   0.043     0.046     0.045      
File2 3   0.029     0.032     0.029      
File3 3   0.031     0.03     0.029      
File4 3   0.034     0.036     0.035      
File1 4   0.06     0.06     0.061      
File2 4   0.039     0.036     0.038      
File3 4   0.039     0.037     0.037      
File4 4   0.041     0.039     0.038      
File1 5   0.048     0.048     0.047      
File2 5   0.036     0.032     0.032      
File3 5   0.034     0.033     0.032      
File4 5   0.037     0.037     0.034      
File1 6   0.179     0.18     0.178      
File2 6   0.133     0.13     0.136      
File3 6   0.158     0.156     0.161      
File4 6   0.282     0.297     0.3      
